0	323.865748
1	323.898666
2	323.944655
3	323.995361
4	324.047465
5	324.099835
6	324.152285
7	324.205040
8	324.258509
9	324.313207
10	324.369736
11	324.428811
12	324.491320
13	324.558431
14	324.631766
15	324.713643
16	324.807305
17	324.916743
18	325.044869
19	325.187346
20	325.332927
21	325.471488
22	325.598431
23	325.721584
24	325.857081
25	326.034749
26	326.315618
27	326.832848
28	327.883499
29	328.747658
30	329.036453
31	328.885354
32	328.130508
33	328.045916
34	328.495499
35	329.688827
36	332.333900
37	338.129125
38	341.746236
39	343.285229
40	343.762192
41	343.516643
42	342.450470
43	339.961113
44	334.524187
45	329.791836
46	327.522503
47	326.374409
48	325.747932
49	325.372899
50	325.125308
51	324.946538
52	324.807683
53	324.693670
54	324.596081
55	324.509851
56	324.431702
57	324.359391
58	324.291344
59	324.226550
60	324.164668
61	324.106520
62	324.055320
63	324.019565
64	323.860501
65	323.894081
66	323.941200
67	323.993316
68	324.046997
69	324.101057
70	324.155286
71	324.209904
72	324.265328
73	324.322093
74	324.380834
75	324.442323
76	324.507547
77	324.577863
78	324.655290
79	324.743019
80	324.846252
81	324.973238
82	325.135150
83	325.337928
84	325.550045
85	325.726522
86	325.872325
87	326.004040
88	326.141600
89	326.314684
90	326.580353
91	327.063388
92	328.052951
93	328.867362
94	329.141093
95	328.999181
96	328.262731
97	328.186081
98	328.615136
99	329.734840
100	332.212108
101	337.710814
102	341.109595
103	342.536571
104	342.967841
105	342.721124
106	341.702364
107	339.339515
108	334.145594
109	329.631644
110	327.474735
111	326.375394
112	325.767626
113	325.398347
114	325.151185
115	324.970760
116	324.829510
117	324.712905
118	324.612741
119	324.524031
120	324.443520
121	324.368966
122	324.298795
123	324.231998
124	324.168258
125	324.108447
126	324.055892
127	324.019303
128	323.854708
129	323.888948
130	323.937325
131	323.991130
132	324.046799
133	324.103064
134	324.159671
135	324.216827
136	324.274958
137	324.334625
138	324.396519
139	324.461502
140	324.530732
141	324.605902
142	324.689738
143	324.787042
144	324.906838
145	325.066797
146	325.301789
147	325.677524
148	326.093554
149	326.354618
150	326.536312
151	326.682421
152	326.821786
153	326.983466
154	327.214569
155	327.612776
156	328.400485
157	329.057314
158	329.297803
159	329.190454
160	328.517236
161	328.475065
162	328.871348
163	329.836621
164	331.906909
165	336.419921
166	339.218756
167	340.394387
168	340.731267
169	340.482195
170	339.563156
171	337.501843
172	333.095073
173	329.244117
174	327.347773
175	326.350134
176	325.781236
177	325.425677
178	325.182037
179	325.000979
180	324.857427
181	324.737895
182	324.634624
183	324.542815
184	324.459295
185	324.381858
186	324.308955
187	324.239606
188	324.173540
189	324.111715
190	324.057603
191	324.020126
192	323.849810
193	323.884603
194	323.934099
195	323.989487
196	324.047101
197	324.105591
198	324.164661
199	324.224499
200	324.285537
201	324.348371
202	324.413754
203	324.482666
204	324.556472
205	324.637272
206	324.728648
207	324.837314
208	324.976870
209	325.176646
210	325.503766
211	326.123376
212	326.833587
213	327.202162
214	327.426856
215	327.589172
216	327.728753
217	327.872920
218	328.054296
219	328.329883
220	328.804709
221	329.227637
222	329.448860
223	329.457303
224	328.984085
225	329.059610
226	329.444799
227	330.213493
228	331.717303
229	334.710724
230	336.632423
231	337.461945
232	337.669390
233	337.410329
234	336.608466
235	334.929252
236	331.661389
237	328.747759
238	327.179652
239	326.305426
240	325.784513
241	325.447273
242	325.209720
243	325.029527
244	324.884568
245	324.762646
246	324.656585
247	324.561861
248	324.475439
249	324.395187
250	324.319608
251	324.247773
252	324.179475
253	324.115764
254	324.060240
255	324.021984
256	323.846051
257	323.881295
258	323.931732
259	323.988502
260	324.047866
261	324.108419
262	324.169823
263	324.232253
264	324.296151
265	324.362147
266	324.431066
267	324.504010
268	324.582563
269	324.669234
270	324.768413
271	324.888502
272	325.046697
273	325.279900
274	325.669742
275	326.399912
276	327.231807
277	327.669624
278	327.928356
279	328.104160
280	328.241770
281	328.364740
282	328.490930
283	328.647482
284	328.910590
285	329.191251
286	329.470933
287	329.793691
288	329.942654
289	330.335614
290	330.782959
291	331.382935
292	332.403574
293	334.483148
294	335.747813
295	336.249473
296	336.319331
297	336.034260
298	335.303434
299	333.831592
300	330.969468
301	328.422200
302	327.046704
303	326.262650
304	325.782253
305	325.462551
306	325.231909
307	325.053636
308	324.908204
309	324.784649
310	324.676402
311	324.579251
312	324.490332
313	324.407617
314	324.329683
315	324.255664
316	324.185423
317	324.120096
318	324.063383
319	324.024477
320	323.843266
321	323.878880
322	323.930098
323	323.988044
324	324.048936
325	324.111330
326	324.174862
327	324.239698
328	324.306294
329	324.375320
330	324.447671
331	324.524572
332	324.607819
333	324.700291
334	324.807070
335	324.937898
336	325.112626
337	325.373298
338	325.810349
339	326.616445
340	327.530204
341	328.018702
342	328.304081
343	328.490440
344	328.624465
345	328.723705
346	328.785714
347	328.783198
348	328.642436
349	328.651415
350	329.044686
351	330.017860
352	332.206795
353	333.261757
354	333.861208
355	334.308819
356	334.761250
357	335.293739
358	335.659328
359	335.803002
360	335.731788
361	335.408949
362	334.708611
363	333.333037
364	330.628735
365	328.233142
366	326.957167
367	326.229033
368	325.777787
369	325.472493
370	325.248441
371	325.072631
372	324.927465
373	324.802995
374	324.693203
375	324.594185
376	324.503262
377	324.418525
378	324.338636
379	324.262801
380	324.190953
381	324.124298
382	324.066617
383	324.027184
384	323.841172
385	323.877090
386	323.928957
387	323.987894
388	324.050100
389	324.114106
390	324.179537
391	324.246556
392	324.315638
393	324.387494
394	324.463091
395	324.543777
396	324.631543
397	324.729596
398	324.843587
399	324.984308
400	325.173699
401	325.458467
402	325.941223
403	326.851975
404	327.889372
405	328.428534
406	328.737136
407	328.932522
408	329.063501
409	329.142021
410	329.146825
411	328.998104
412	328.471680
413	328.214981
414	328.692855
415	330.201322
416	333.986099
417	335.590957
418	336.324699
419	336.662901
420	336.686469
421	336.066707
422	335.756418
423	335.629351
424	335.450639
425	335.095526
426	334.407224
427	333.077513
428	330.443064
429	328.117952
430	326.895434
431	326.202053
432	325.771483
433	325.477738
434	325.259697
435	325.086624
436	324.942273
437	324.817491
438	324.706731
439	324.606377
440	324.513934
441	324.427615
442	324.346173
443	324.268888
444	324.195755
445	324.128044
446	324.069594
447	324.029739
448	323.839480
449	323.875646
450	323.928047
451	323.987811
452	324.051133
453	324.116533
454	324.183631
455	324.252596
456	324.323926
457	324.398375
458	324.476986
459	324.561227
460	324.653276
461	324.756642
462	324.877448
463	325.027235
464	325.229139
465	325.532008
466	326.044100
467	327.019769
468	328.134391
469	328.704820
470	329.030045
471	329.233407
472	329.364089
473	329.430935
474	329.404025
475	329.183681
476	328.501618
477	328.129779
478	328.614376
479	330.265248
480	334.371024
481	336.126795
482	336.892811
483	337.181791
484	337.066160
485	336.186808
486	335.689373
487	335.465521
488	335.243292
489	334.876859
490	334.200469
491	332.901482
492	330.310366
493	328.029790
494	326.843677
495	326.176051
496	325.762106
497	325.478414
498	325.266085
499	325.095968
500	324.952855
501	324.828244
502	324.717002
503	324.615778
504	324.522249
505	324.434752
506	324.352128
507	324.273726
508	324.199602
509	324.131076
510	324.072034
511	324.031855
512	323.837925
513	323.874287
514	323.927119
515	323.987565
516	324.051820
517	324.118405
518	324.186941
519	324.257609
520	324.330933
521	324.407713
522	324.489071
523	324.576598
524	324.672672
525	324.781115
526	324.908532
527	325.067113
528	325.280472
529	325.595840
530	326.109084
531	327.013059
532	328.027116
533	328.592377
534	328.927726
535	329.139610
536	329.274075
537	329.339609
538	329.307987
539	329.092661
540	328.498465
541	328.166586
542	328.573011
543	330.021550
544	333.725988
545	335.280329
546	335.965878
547	336.252772
548	336.242560
549	335.653188
550	335.334126
551	335.173616
552	334.972071
553	334.619978
554	333.966706
555	332.705388
556	330.164361
557	327.933563
558	326.786353
559	326.145249
560	325.748054
561	325.474461
562	325.267988
563	325.101084
564	324.959542
565	324.835480
566	324.724145
567	324.622437
568	324.528196
569	324.439875
570	324.356397
571	324.277178
572	324.202323
573	324.133197
574	324.073719
575	324.033304
576	323.836277
577	323.872786
578	323.925954
579	323.986944
580	324.051960
581	324.119528
582	324.189276
583	324.261400
584	324.336451
585	324.415278
586	324.499083
587	324.589591
588	324.689408
589	324.802746
590	324.936903
591	325.105263
592	325.333334
593	325.670618
594	326.213152
595	327.145504
596	328.185581
597	328.780596
598	329.138385
599	329.364610
600	329.507792
601	329.579356
602	329.554895
603	329.353783
604	328.783056
605	328.415323
606	328.623042
607	329.481269
608	331.420389
609	332.383665
610	332.877863
611	333.188336
612	333.525398
613	334.261606
614	334.608108
615	334.643194
616	334.506120
617	334.188550
618	333.576507
619	332.381476
620	329.935776
621	327.795524
622	326.709725
623	326.104983
624	325.728252
625	325.466033
626	325.265874
627	325.102436
628	324.962704
629	324.839458
630	324.728328
631	324.626446
632	324.531806
633	324.442963
634	324.358918
635	324.279143
636	324.203789
637	324.134254
638	324.074484
639	324.033913
640	323.834343
641	323.870949
642	323.924359
643	323.985762
644	324.051373
645	324.119726
646	324.190460
647	324.263787
648	324.340284
649	324.420849
650	324.506764
651	324.599894
652	324.703101
653	324.821095
654	324.962186
655	325.141920
656	325.390492
657	325.767379
658	326.387860
659	327.461192
660	328.657440
661	329.340948
662	329.743568
663	329.992932
664	330.149998
665	330.233849
666	330.227237
667	330.058068
668	329.533748
669	329.142443
670	329.145856
671	329.452512
672	330.185821
673	330.586964
674	330.856554
675	331.131681
676	331.628011
677	332.908320
678	333.565467
679	333.713996
680	333.624967
681	333.346075
682	332.797839
683	331.730233
684	329.512181
685	327.577455
686	326.603664
687	326.053596
688	325.703165
689	325.453926
690	325.260439
691	325.100549
692	324.962717
693	324.840438
694	324.729719
695	324.627903
696	324.533119
697	324.444013
698	324.359650
699	324.279550
700	324.203903
701	324.134131
702	324.074201
703	324.033552
704	323.831960
705	323.868611
706	323.922171
707	323.983856
708	324.049899
709	324.118843
710	324.190337
711	324.264607
712	324.342256
713	324.424222
714	324.511862
715	324.607174
716	324.713277
717	324.835420
718	324.983129
719	325.174876
720	325.448307
721	325.882672
722	326.647438
723	328.103457
724	329.759737
725	330.615495
726	331.086291
727	331.365799
728	331.540305
729	331.641647
730	331.665720
731	331.566814
732	331.228738
733	330.929127
734	330.772943
735	330.544225
736	329.935741
737	329.775160
738	329.808821
739	329.972307
740	330.356121
741	331.290023
742	331.795570
743	331.915700
744	331.832260
745	331.584315
746	331.120335
747	330.278857
748	328.678901
749	327.257626
750	326.473838
751	325.996839
752	325.676138
753	325.439931
754	325.252668
755	325.096004
756	324.959943
757	324.838654
758	324.728464
759	324.626894
760	324.532176
761	324.443027
762	324.358565
763	324.278347
764	324.202592
765	324.132743
766	324.072774
767	324.032120
768	323.828994
769	323.865637
770	323.919253
771	323.981092
772	324.047405
773	324.116745
774	324.188769
775	324.263717
776	324.342209
777	324.425215
778	324.514148
779	324.611108
780	324.719419
781	324.844764
782	324.997681
783	325.199179
784	325.493734
785	325.980226
786	326.888289
787	328.775913
788	330.962367
789	331.992176
790	332.526054
791	332.832427
792	333.023283
793	333.143117
794	333.202298
795	333.188186
796	333.096210
797	332.956163
798	332.719588
799	332.080832
800	330.167745
801	329.564033
802	329.417760
803	329.458736
804	329.627788
805	329.922073
806	330.103070
807	330.126371
808	330.019203
809	329.784385
810	329.386178
811	328.756216
812	327.844300
813	326.979697
814	326.370654
815	325.952672
816	325.653793
817	325.426635
818	325.243667
819	325.089332
820	324.954671
821	324.834277
822	324.724673
823	324.623483
824	324.529007
825	324.440009
826	324.355642
827	324.275494
828	324.199803
829	324.130024
830	324.070133
831	324.029545
832	323.825335
833	323.861916
834	323.915493
835	323.977358
836	324.043779
837	324.113321
838	324.185646
839	324.261001
840	324.340017
841	324.423682
842	324.513437
843	324.611438
844	324.721105
845	324.848312
846	325.003985
847	325.209955
848	325.512483
849	326.014290
850	326.952548
851	328.895289
852	331.143101
853	332.207808
854	332.760264
855	333.078072
856	333.279163
857	333.413418
858	333.499203
859	333.537741
860	333.540036
861	333.482757
862	333.290074
863	332.682821
864	330.816148
865	330.218972
866	330.051845
867	330.040898
868	330.097825
869	330.181556
870	330.217720
871	330.172981
872	330.036553
873	329.789087
874	329.384845
875	328.750939
876	327.834896
877	326.967408
878	326.357571
879	325.939990
880	325.642049
881	325.416007
882	325.234148
883	325.080825
884	324.947045
885	324.827391
886	324.718396
887	324.617701
888	324.523626
889	324.434957
890	324.350868
891	324.270964
892	324.195497
893	324.125928
894	324.066225
895	324.025773
896	323.820897
897	323.857360
898	323.910803
899	323.972564
900	324.038934
901	324.108484
902	324.180881
903	324.256373
904	324.335591
905	324.419523
906	324.509615
907	324.608019
908	324.718140
909	324.845774
910	325.001562
911	325.206360
912	325.503130
913	325.983318
914	326.844925
915	328.516633
916	330.425205
917	331.394584
918	331.921108
919	332.233964
920	332.438169
921	332.581765
922	332.686286
923	332.760525
924	332.815651
925	332.842589
926	332.819318
927	332.679224
928	332.296932
929	332.151435
930	332.117696
931	332.127153
932	332.148075
933	332.159375
934	332.133440
935	332.048766
936	331.884204
937	331.602223
938	331.121941
939	330.268923
940	328.652621
941	327.219767
942	326.433507
943	325.957990
944	325.640365
945	325.407698
946	325.223896
947	325.070361
948	324.937000
949	324.817968
950	324.709625
951	324.609547
952	324.516032
953	324.427865
954	324.344229
955	324.264737
956	324.189648
957	324.120424
958	324.061019
959	324.020769
960	323.815614
961	323.851902
962	323.905116
963	323.966646
964	324.032805
965	324.102173
966	324.174417
967	324.249777
968	324.328877
969	324.412692
970	324.502642
971	324.600836
972	324.710577
973	324.837414
974	324.991350
975	325.191517
976	325.476107
977	325.923135
978	326.692359
979	328.103287
980	329.696080
981	330.554278
982	331.041992
983	331.342438
984	331.545178
985	331.694041
986	331.811407
987	331.910842
988	332.005807
989	332.113382
990	332.274074
991	332.606062
992	333.503982
993	333.821789
994	333.953037
995	334.012682
996	334.034119
997	334.022817
998	333.970796
999	333.863319
1000	333.674980
1001	333.353854
1002	332.784773
1003	331.701635
1004	329.459541
1005	327.508215
1006	326.532250
1007	325.986032
1008	325.641700
1009	325.399042
1010	325.211787
1011	325.057421
1012	324.924283
1013	324.805880
1014	324.698297
1015	324.598990
1016	324.506210
1017	324.418726
1018	324.335718
1019	324.256803
1020	324.182243
1021	324.113496
1022	324.054492
1023	324.014513
1024	323.809438
1025	323.845494
1026	323.898382
1027	323.959555
1028	324.025349
1029	324.094350
1030	324.166219
1031	324.241187
1032	324.319859
1033	324.403185
1034	324.492543
1035	324.589968
1036	324.698623
1037	324.823766
1038	324.974743
1039	325.169182
1040	325.441796
1041	325.862886
1042	326.577037
1043	327.884381
1044	329.361969
1045	330.157302
1046	330.615996
1047	330.904510
1048	331.104036
1049	331.255376
1050	331.381018
1051	331.497085
1052	331.622304
1053	331.789415
1054	332.071863
1055	332.648660
1056	333.963125
1057	334.520985
1058	334.764188
1059	334.868498
1060	334.901351
1061	334.885516
1062	334.823016
1063	334.702779
1064	334.497258
1065	334.146102
1066	333.515935
1067	332.306987
1068	329.838535
1069	327.684182
1070	326.600355
1071	326.004232
1072	325.638245
1073	325.386747
1074	325.196326
1075	325.041276
1076	324.908521
1077	324.790935
1078	324.684313
1079	324.585983
1080	324.494139
1081	324.407530
1082	324.325330
1083	324.247158
1084	324.173277
1085	324.105136
1086	324.046639
1087	324.006997
1088	323.802338
1089	323.838107
1090	323.890578
1091	323.951271
1092	324.016549
1093	324.085002
1094	324.156284
1095	324.230611
1096	324.308561
1097	324.391047
1098	324.479393
1099	324.575549
1100	324.682531
1101	324.805327
1102	324.952768
1103	325.141462
1104	325.404165
1105	325.807722
1106	326.491866
1107	327.754264
1108	329.184258
1109	329.946924
1110	330.386935
1111	330.665969
1112	330.861788
1113	331.013666
1114	331.144135
1115	331.270858
1116	331.416147
1117	331.620495
1118	331.970459
1119	332.660418
1120	334.128156
1121	334.796732
1122	335.102565
1123	335.236996
1124	335.281196
1125	335.266679
1126	335.200577
1127	335.073795
1128	334.857837
1129	334.488320
1130	333.824281
1131	332.555964
1132	330.000330
1133	327.764569
1134	326.628592
1135	326.004582
1136	325.625341
1137	325.368323
1138	325.176191
1139	325.021220
1140	324.889337
1141	324.772932
1142	324.667573
1143	324.570480
1144	324.479805
1145	324.394278
1146	324.313074
1147	324.235814
1148	324.162760
1149	324.095354
1150	324.037467
1151	323.998224
1152	323.794298
1153	323.829725
1154	323.881687
1155	323.941782
1156	324.006399
1157	324.074133
1158	324.144628
1159	324.218076
1160	324.295025
1161	324.376344
1162	324.463293
1163	324.557728
1164	324.662524
1165	324.782437
1166	324.925920
1167	325.108950
1168	325.363280
1169	325.754363
1170	326.420592
1171	327.659962
1172	329.066279
1173	329.810210
1174	330.237468
1175	330.508665
1176	330.700357
1177	330.851158
1178	330.983624
1179	331.116223
1180	331.273097
1181	331.498038
1182	331.882057
1183	332.622514
1184	334.151167
1185	334.869130
1186	335.206877
1187	335.358939
1188	335.411348
1189	335.399485
1190	335.332961
1191	335.203767
1192	334.983133
1193	334.605080
1194	333.925932
1195	332.633316
1196	330.045362
1197	327.778968
1198	326.621680
1199	325.985688
1200	325.600964
1201	325.342259
1202	325.150425
1203	324.996685
1204	324.866407
1205	324.751697
1206	324.647990
1207	324.552447
1208	324.463200
1209	324.378980
1210	324.298966
1211	324.222787
1212	324.150710
1213	324.084165
1214	324.026989
1215	323.988212
1216	323.785316
1217	323.820345
1218	323.871711
1219	323.931095
1220	323.994916
1221	324.061770
1222	324.131287
1223	324.203636
1224	324.279327
1225	324.359175
1226	324.444370
1227	324.536667
1228	324.638794
1229	324.755301
1230	324.894327
1231	325.071411
1232	325.317727
1233	325.698107
1234	326.350634
1235	327.573962
1236	328.964028
1237	329.693941
1238	330.110413
1239	330.373954
1240	330.560663
1241	330.708778
1242	330.840755
1243	330.975310
1244	331.137256
1245	331.371499
1246	331.770269
1247	332.531137
1248	334.083110
1249	334.821195
1250	335.173203
1251	335.334070
1252	335.391357
1253	335.381978
1254	335.316683
1255	335.188107
1256	334.967606
1257	334.588852
1258	333.907481
1259	332.610538
1260	330.016609
1261	327.744785
1262	326.584419
1263	325.947832
1264	325.564275
1265	325.307712
1266	325.118424
1267	324.967295
1268	324.839518
1269	324.727125
1270	324.625524
1271	324.531883
1272	324.444346
1273	324.361665
1274	324.283039
1275	324.208112
1276	324.137158
1277	324.071599
1278	324.015232
1279	323.976982
1280	323.775396
1281	323.809978
1282	323.860665
1283	323.919231
1284	323.982127
1285	324.047951
1286	324.116318
1287	324.187365
1288	324.261560
1289	324.339659
1290	324.422770
1291	324.512533
1292	324.611519
1293	324.724044
1294	324.857925
1295	325.028248
1296	325.265620
1297	325.634309
1298	326.272177
1299	327.478596
1300	328.851532
1301	329.566378
1302	329.970852
1303	330.225411
1304	330.405665
1305	330.549344
1306	330.678519
1307	330.811680
1308	330.973533
1309	331.208936
1310	331.610015
1311	332.374052
1312	333.929556
1313	334.671066
1314	335.025983
1315	335.189148
1316	335.248321
1317	335.240795
1318	335.177771
1319	335.052356
1320	334.836398
1321	334.464080
1322	333.791520
1323	332.505937
1324	329.925231
1325	327.666620
1326	326.517822
1327	325.890682
1328	325.514674
1329	325.264180
1330	325.079856
1331	324.932862
1332	324.808586
1333	324.699193
1334	324.600192
1335	324.508823
1336	324.423287
1337	324.342382
1338	324.265341
1339	324.191834
1340	324.122145
1341	324.057692
1342	324.002230
1343	323.964568
1344	323.764549
1345	323.798634
1346	323.848565
1347	323.906215
1348	323.968068
1349	324.032726
1350	324.099784
1351	324.169346
1352	324.241833
1353	324.317933
1354	324.398658
1355	324.485517
1356	324.580886
1357	324.688791
1358	324.816603
1359	324.978735
1360	325.204824
1361	325.557933
1362	326.174980
1363	327.355992
1364	328.702903
1365	329.395873
1366	329.783841
1367	330.026465
1368	330.198105
1369	330.335391
1370	330.459528
1371	330.588242
1372	330.745407
1373	330.974806
1374	331.367281
1375	332.119249
1376	333.660539
1377	334.390622
1378	334.738319
1379	334.897817
1380	334.955937
1381	334.949437
1382	334.889495
1383	334.769705
1384	334.562959
1385	334.205141
1386	333.554583
1387	332.300173
1388	329.758041
1389	327.537090
1390	326.418242
1391	325.812563
1392	325.451432
1393	325.211373
1394	325.034633
1395	324.893395
1396	324.773663
1397	324.667976
1398	324.572074
1399	324.483348
1400	324.400101
1401	324.321202
1402	324.245936
1403	324.174007
1404	324.105720
1405	324.042488
1406	323.988020
1407	323.951004
1408	323.752781
1409	323.786324
1410	323.835427
1411	323.892069
1412	323.952774
1413	324.016143
1414	324.081752
1415	324.149670
1416	324.220263
1417	324.294143
1418	324.372217
1419	324.455835
1420	324.547128
1421	324.649729
1422	324.770341
1423	324.922223
1424	325.133049
1425	325.462819
1426	326.044758
1427	327.177975
1428	328.474903
1429	329.129933
1430	329.492375
1431	329.718197
1432	329.878355
1433	330.007120
1434	330.124042
1435	330.245387
1436	330.393232
1437	330.608696
1438	330.978790
1439	331.696202
1440	333.193216
1441	333.889673
1442	334.216963
1443	334.365783
1444	334.419553
1445	334.413071
1446	334.356925
1447	334.245339
1448	334.053240
1449	333.720487
1450	333.111769
1451	331.923203
1452	329.470427
1453	327.334849
1454	326.277208
1455	325.710642
1456	325.373847
1457	325.149296
1458	324.982953
1459	324.849114
1460	324.734947
1461	324.633641
1462	324.541311
1463	324.455575
1464	324.374885
1465	324.298206
1466	324.224891
1467	324.154690
1468	324.087931
1469	324.026025
1470	323.972637
1471	323.936320
1472	323.740072
1473	323.773032
1474	323.821241
1475	323.876796
1476	323.936258
1477	323.998232
1478	324.062272
1479	324.128409
1480	324.196952
1481	324.268433
1482	324.343636
1483	324.423728
1484	324.510542
1485	324.607188
1486	324.719397
1487	324.858529
1488	325.048495
1489	325.342056
1490	325.860234
1491	326.890113
1492	328.074917
1493	328.658681
1494	328.980351
1495	329.182536
1496	329.327861
1497	329.445995
1498	329.553718
1499	329.664958
1500	329.798675
1501	329.990529
1502	330.317633
1503	330.957602
1504	332.335812
1505	332.955969
1506	333.242680
1507	333.371849
1508	333.417507
1509	333.409899
1510	333.358162
1511	333.257383
1512	333.086072
1513	332.792174
1514	332.256276
1515	331.200541
1516	328.960976
1517	327.021720
1518	326.083259
1519	325.582452
1520	325.281995
1521	325.078544
1522	324.925390
1523	324.800468
1524	324.692772
1525	324.596435
1526	324.508085
1527	324.425643
1528	324.347742
1529	324.273471
1530	324.202263
1531	324.133921
1532	324.068804
1533	324.008321
1534	323.956090
1535	323.920521
1536	323.726341
1537	323.758680
1538	323.805938
1539	323.860333
1540	323.918472
1541	323.978959
1542	324.041331
1543	324.105578
1544	324.171951
1545	324.240893
1546	324.313063
1547	324.389426
1548	324.471472
1549	324.561680
1550	324.664517
1551	324.788636
1552	324.951830
1553	325.192558
1554	325.598312
1555	326.382449
1556	327.281861
1557	327.734944
1558	327.995529
1559	328.166754
1560	328.294228
1561	328.400063
1562	328.497096
1563	328.596092
1564	328.711462
1565	328.869590
1566	329.126324
1567	329.609987
1568	330.642123
1569	331.107264
1570	331.326319
1571	331.426204
1572	331.460257
1573	331.450513
1574	331.403618
1575	331.315746
1576	331.170747
1577	330.930218
1578	330.507553
1579	329.702100
1580	328.016806
1581	326.554404
1582	325.831620
1583	325.430038
1584	325.178173
1585	325.000732
1586	324.862981
1587	324.748119
1588	324.647564
1589	324.556632
1590	324.472574
1591	324.393659
1592	324.318735
1593	324.247025
1594	324.178055
1595	324.111685
1596	324.048308
1597	323.989333
1598	323.938327
1599	323.903551
1600	323.711632
1601	323.743315
1602	323.789571
1603	323.842745
1604	323.899492
1605	323.958420
1606	324.019045
1607	324.081320
1608	324.145435
1609	324.211750
1610	324.280794
1611	324.353326
1612	324.430484
1613	324.514086
1614	324.607238
1615	324.715569
1616	324.849587
1617	325.028706
1618	325.285465
1619	325.654279
1620	326.047813
1621	326.323187
1622	326.511502
1623	326.648660
1624	326.757157
1625	326.850051
1626	326.935774
1627	327.021644
1628	327.116942
1629	327.236759
1630	327.407282
1631	327.668663
1632	328.043893
1633	328.288127
1634	328.423853
1635	328.490128
1636	328.511214
1637	328.498954
1638	328.457047
1639	328.382822
1640	328.266188
1641	328.085250
1642	327.798116
1643	327.335749
1644	326.638023
1645	325.985913
1646	325.551191
1647	325.266597
1648	325.068475
1649	324.918897
1650	324.797397
1651	324.693078
1652	324.599985
1653	324.514696
1654	324.435117
1655	324.359884
1656	324.288067
1657	324.219033
1658	324.152401
1659	324.088095
1660	324.026538
1661	323.969143
1662	323.919422
1663	323.885478
1664	323.696642
1665	323.727642
1666	323.772851
1667	323.824754
1668	323.880052
1669	323.937364
1670	323.996186
1671	324.056433
1672	324.118241
1673	324.181887
1674	324.247780
1675	324.316488
1676	324.388827
1677	324.466027
1678	324.550038
1679	324.644072
1680	324.753401
1681	324.886089
1682	325.051819
1683	325.252982
1684	325.459627
1685	325.630925
1686	325.765918
1687	325.874479
1688	325.965762
1689	326.046365
1690	326.121172
1691	326.194604
1692	326.271891
1693	326.360315
1694	326.469781
1695	326.609493
1696	326.771627
1697	326.895592
1698	326.973189
1699	327.012814
1700	327.022985
1701	327.008739
1702	326.971640
1703	326.910011
1704	326.818452
1705	326.686591
1706	326.498106
1707	326.234702
1708	325.898986
1709	325.571573
1710	325.311576
1711	325.114550
1712	324.961676
1713	324.837279
1714	324.731141
1715	324.637084
1716	324.551393
1717	324.471772
1718	324.396729
1719	324.325246
1720	324.256608
1721	324.190321
1722	324.126097
1723	324.063921
1724	324.004249
1725	323.948492
1726	323.900106
1727	323.867026
1728	323.681228
1729	323.711519
1730	323.755644
1731	323.806234
1732	323.860042
1733	323.915696
1734	323.972676
1735	324.030866
1736	324.090348
1737	324.151329
1738	324.214107
1739	324.279090
1740	324.346831
1741	324.418102
1742	324.494028
1743	324.576260
1744	324.667140
1745	324.769567
1746	324.885787
1747	325.013879
1748	325.142874
1749	325.259531
1750	325.360553
1751	325.447980
1752	325.525080
1753	325.594843
1754	325.659821
1755	325.722428
1756	325.785311
1757	325.851589
1758	325.924446
1759	326.004978
1760	326.087024
1761	326.153186
1762	326.197039
1763	326.219117
1764	326.221671
1765	326.206375
1766	326.173670
1767	326.122598
1768	326.050627
1769	325.953541
1770	325.826047
1771	325.664918
1772	325.477168
1773	325.289171
1774	325.122726
1775	324.981808
1776	324.862166
1777	324.758236
1778	324.665529
1779	324.580904
1780	324.502249
1781	324.428135
1782	324.357566
1783	324.289822
1784	324.224379
1785	324.160870
1786	324.099094
1787	324.039092
1788	323.981350
1789	323.927276
1790	323.880264
1791	323.848077
1792	323.665355
1793	323.694914
1794	323.737926
1795	323.787169
1796	323.839456
1797	323.893425
1798	323.948544
1799	324.004668
1800	324.061836
1801	324.120189
1802	324.179938
1803	324.241361
1804	324.304810
1805	324.370741
1806	324.439752
1807	324.512610
1808	324.590230
1809	324.673459
1810	324.762445
1811	324.855472
1812	324.948127
1813	325.035482
1814	325.115346
1815	325.187731
1816	325.253615
1817	325.314209
1818	325.370717
1819	325.424326
1820	325.476240
1821	325.527633
1822	325.579281
1823	325.630632
1824	325.678421
1825	325.716719
1826	325.742085
1827	325.753602
1828	325.751462
1829	325.735980
1830	325.707148
1831	325.664468
1832	325.606919
1833	325.533099
1834	325.441803
1835	325.333531
1836	325.212966
1837	325.090065
1838	324.973698
1839	324.867390
1840	324.770977
1841	324.682897
1842	324.601440
1843	324.525176
1844	324.453009
1845	324.384114
1846	324.317865
1847	324.253783
1848	324.191502
1849	324.130765
1850	324.071447
1851	324.013641
1852	323.957858
1853	323.905498
1854	323.859890
1855	323.828618
1856	323.649035
1857	323.677846
1858	323.719721
1859	323.767593
1860	323.818337
1861	323.870606
1862	323.923860
1863	323.977929
1864	324.032814
1865	324.088605
1866	324.145442
1867	324.203504
1868	324.263001
1869	324.324184
1870	324.387337
1871	324.452769
1872	324.520758
1873	324.591410
1874	324.664386
1875	324.738554
1876	324.811911
1877	324.882327
1878	324.948513
1879	325.010066
1880	325.067133
1881	325.120113
1882	325.169487
1883	325.215755
1884	325.259378
1885	325.300689
1886	325.339687
1887	325.375682
1888	325.406976
1889	325.431146
1890	325.446385
1891	325.451788
1892	325.447021
1893	325.431958
1894	325.406467
1895	325.370327
1896	325.323231
1897	325.264922
1898	325.195526
1899	325.116157
1900	325.029598
1901	324.940223
1902	324.852113
1903	324.767603
1904	324.687449
1905	324.611519
1906	324.539333
1907	324.470344
1908	324.404048
1909	324.340011
1910	324.277869
1911	324.217321
1912	324.158130
1913	324.100127
1914	324.043255
1915	323.987647
1916	323.933836
1917	323.883210
1918	323.839029
1919	323.808689
1920	323.632304
1921	323.660353
1922	323.701072
1923	323.747557
1924	323.796746
1925	323.847311
1926	323.898708
1927	323.950746
1928	324.003397
1929	324.056710
1930	324.110770
1931	324.165682
1932	324.221564
1933	324.278534
1934	324.336704
1935	324.396156
1936	324.456902
1937	324.518807
1938	324.581486
1939	324.644206
1940	324.705924
1941	324.765562
1942	324.822331
1943	324.875813
1944	324.925873
1945	324.972552
1946	325.015969
1947	325.056263
1948	325.093534
1949	325.127771
1950	325.158755
1951	325.185929
1952	325.208343
1953	325.224816
1954	325.234341
1955	325.236250
1956	325.230160
1957	325.215859
1958	325.193225
1959	325.162186
1960	325.122743
1961	325.075053
1962	325.019584
1963	324.957338
1964	324.890011
1965	324.819836
1966	324.748955
1967	324.678880
1968	324.610431
1969	324.543923
1970	324.479377
1971	324.416675
1972	324.355638
1973	324.296072
1974	324.237789
1975	324.180618
1976	324.124415
1977	324.069087
1978	324.014627
1979	323.961204
1980	323.909366
1981	323.860483
1982	323.817741
1983	323.788345
1984	323.615207
1985	323.642481
1986	323.682031
1987	323.727117
1988	323.774747
1989	323.823613
1990	323.873169
1991	323.923212
1992	323.973690
1993	324.024618
1994	324.076041
1995	324.128015
1996	324.180592
1997	324.233814
1998	324.287697
1999	324.342218
2000	324.397286
2001	324.452706
2002	324.508142
2003	324.563097
2004	324.616948
2005	324.669062
2006	324.718914
2007	324.766143
2008	324.810535
2009	324.851980
2010	324.890424
2011	324.925829
2012	324.958128
2013	324.987184
2014	325.012736
2015	325.034362
2016	325.051480
2017	325.063422
2018	325.069582
2019	325.069496
2020	325.062856
2021	325.049477
2022	325.029275
2023	325.002262
2024	324.968556
2025	324.928429
2026	324.882372
2027	324.831169
2028	324.775917
2029	324.717918
2030	324.658444
2031	324.598512
2032	324.538815
2033	324.479767
2034	324.421573
2035	324.364307
2036	324.307961
2037	324.252485
2038	324.197801
2039	324.143830
2040	324.090499
2041	324.037768
2042	323.985672
2043	323.934407
2044	323.884530
2045	323.837390
2046	323.796095
2047	323.767650
2048	323.597787
2049	323.624277
2050	323.662649
2051	323.706331
2052	323.752402
2053	323.799580
2054	323.847322
2055	323.895412
2056	323.943781
2057	323.992422
2058	324.041349
2059	324.090583
2060	324.140136
2061	324.190001
2062	324.240149
2063	324.290507
2064	324.340951
2065	324.391285
2066	324.441233
2067	324.490434
2068	324.538472
2069	324.584922
2070	324.629408
2071	324.671625
2072	324.711350
2073	324.748415
2074	324.782692
2075	324.814060
2076	324.842385
2077	324.867489
2078	324.889127
2079	324.906981
2080	324.920655
2081	324.929730
2082	324.933817
2083	324.932596
2084	324.925844
2085	324.913428
2086	324.895303
2087	324.871520
2088	324.842232
2089	324.807716
2090	324.768402
2091	324.724883
2092	324.677914
2093	324.628339
2094	324.576990
2095	324.524588
2096	324.471687
2097	324.418682
2098	324.365831
2099	324.313286
2100	324.261127
2101	324.209379
2102	324.158039
2103	324.107086
2104	324.056498
2105	324.006276
2106	323.956486
2107	323.907344
2108	323.859408
2109	323.814004
2110	323.774156
2111	323.746668
2112	323.580087
2113	323.605790
2114	323.642977
2115	323.685255
2116	323.729774
2117	323.775281
2118	323.821237
2119	323.867421
2120	323.913751
2121	323.960201
2122	324.006767
2123	324.053444
2124	324.100218
2125	324.147058
2126	324.193907
2127	324.240676
2128	324.287235
2129	324.333405
2130	324.378957
2131	324.423616
2132	324.467075
2133	324.509025
2134	324.549172
2135	324.587262
2136	324.623083
2137	324.656452
2138	324.687214
2139	324.715218
2140	324.740307
2141	324.762299
2142	324.780980
2143	324.796100
2144	324.807379
2145	324.814530
2146	324.817288
2147	324.815434
2148	324.808812
2149	324.797335
2150	324.780989
2151	324.759842
2152	324.734047
2153	324.703851
2154	324.669608
2155	324.631773
2156	324.590888
2157	324.547545
2158	324.502331
2159	324.455776
2160	324.408325
2161	324.360322
2162	324.312024
2163	324.263608
2164	324.215190
2165	324.166843
2166	324.118603
2167	324.070489
2168	324.022514
2169	323.974708
2170	323.927159
2171	323.880096
2172	323.834075
2173	323.790393
2174	323.751988
2175	323.725456
2176	323.562150
2177	323.587059
2178	323.623059
2179	323.663934
2180	323.706911
2181	323.750767
2182	323.794971
2183	323.839297
2184	323.883656
2185	323.928010
2186	323.972340
2187	324.016625
2188	324.060836
2189	324.104928
2190	324.148832
2191	324.192454
2192	324.235668
2193	324.278317
2194	324.320208
2195	324.361121
2196	324.400816
2197	324.439049
2198	324.475584
2199	324.510205
2200	324.542715
2201	324.572939
2202	324.600716
2203	324.625889
2204	324.648301
2205	324.667782
2206	324.684147
2207	324.697198
2208	324.706724
2209	324.712521
2210	324.714400
2211	324.712211
2212	324.705846
2213	324.695254
2214	324.680441
2215	324.661479
2216	324.638509
2217	324.611742
2218	324.581466
2219	324.548032
2220	324.511847
2221	324.473349
2222	324.432972
2223	324.391124
2224	324.348159
2225	324.304373
2226	324.260002
2227	324.215222
2228	324.170166
2229	324.124924
2230	324.079558
2231	324.034113
2232	323.988623
2233	323.943138
2234	323.897761
2235	323.852729
2236	323.808593
2237	323.766615
2238	323.729645
2239	323.704069
2240	323.544011
2241	323.568124
2242	323.602936
2243	323.642414
2244	323.683862
2245	323.726089
2246	323.768574
2247	323.811092
2248	323.853547
2249	323.895894
2250	323.938103
2251	323.980145
2252	324.021981
2253	324.063558
2254	324.104805
2255	324.145627
2256	324.185909
2257	324.225510
2258	324.264266
2259	324.301995
2260	324.338501
2261	324.373584
2262	324.407047
2263	324.438702
2264	324.468374
2265	324.495898
2266	324.521120
2267	324.543890
2268	324.564060
2269	324.581475
2270	324.595979
2271	324.607410
2272	324.615606
2273	324.620414
2274	324.621700
2275	324.619356
2276	324.613310
2277	324.603536
2278	324.590051
2279	324.572928
2280	324.552289
2281	324.528314
2282	324.501234
2283	324.471329
2284	324.438911
2285	324.404317
2286	324.367881
2287	324.329924
2288	324.290733
2289	324.250561
2290	324.209616
2291	324.168066
2292	324.126043
2293	324.083646
2294	324.040950
2295	323.998013
2296	323.954884
2297	323.911628
2298	323.868354
2299	323.825304
2300	323.783018
2301	323.742724
2302	323.707178
2303	323.682553
2304	323.525702
2305	323.549018
2306	323.582645
2307	323.620731
2308	323.660665
2309	323.701287
2310	323.742088
2311	323.782846
2312	323.823462
2313	323.863885
2314	323.904079
2315	323.944011
2316	323.983635
2317	324.022896
2318	324.061721
2319	324.100023
2320	324.137694
2321	324.174610
2322	324.210628
2323	324.245593
2324	324.279341
2325	324.311702
2326	324.342508
2327	324.371596
2328	324.398809
2329	324.423996
2330	324.447015
2331	324.467727
2332	324.485996
2333	324.501686
2334	324.514664
2335	324.524795
2336	324.531953
2337	324.536021
2338	324.536899
2339	324.534511
2340	324.528810
2341	324.519784
2342	324.507459
2343	324.491901
2344	324.473220
2345	324.451565
2346	324.427125
2347	324.400125
2348	324.370811
2349	324.339449
2350	324.306305
2351	324.271635
2352	324.235677
2353	324.198645
2354	324.160722
2355	324.122062
2356	324.082792
2357	324.043012
2358	324.002802
2359	323.962226
2360	323.921344
2361	323.880225
2362	323.838987
2363	323.797868
2364	323.757397
2365	323.718763
2366	323.684629
2367	323.660951
2368	323.507253
2369	323.529770
2370	323.562215
2371	323.598919
2372	323.637354
2373	323.676395
2374	323.715548
2375	323.754592
2376	323.793429
2377	323.832005
2378	323.870281
2379	323.908219
2380	323.945774
2381	323.982887
2382	324.019491
2383	324.055501
2384	324.090820
2385	324.125336
2386	324.158925
2387	324.191452
2388	324.222775
2389	324.252750
2390	324.281230
2391	324.308070
2392	324.333132
2393	324.356280
2394	324.377383
2395	324.396317
2396	324.412960
2397	324.427191
2398	324.438896
2399	324.447965
2400	324.454295
2401	324.457796
2402	324.458392
2403	324.456028
2404	324.450676
2405	324.442332
2406	324.431027
2407	324.416820
2408	324.399807
2409	324.380114
2410	324.357898
2411	324.333340
2412	324.306641
2413	324.278013
2414	324.247672
2415	324.215829
2416	324.182682
2417	324.148413
2418	324.113183
2419	324.077131
2420	324.040375
2421	324.003012
2422	323.965123
2423	323.926775
2424	323.888031
2425	323.848965
2426	323.809696
2427	323.770459
2428	323.731767
2429	323.694769
2430	323.662032
2431	323.639295
2432	323.488686
2433	323.510406
2434	323.541672
2435	323.577004
2436	323.613956
2437	323.651441
2438	323.688979
2439	323.726355
2440	323.763470
2441	323.800269
2442	323.836714
2443	323.872764
2444	323.908372
2445	323.943484
2446	323.978033
2447	324.011942
2448	324.045120
2449	324.077468
2450	324.108875
2451	324.139224
2452	324.168391
2453	324.196248
2454	324.222667
2455	324.247521
2456	324.270685
2457	324.292039
2458	324.311465
2459	324.328850
2460	324.344086
2461	324.357069
2462	324.367699
2463	324.375885
2464	324.381542
2465	324.384600
2466	324.385000
2467	324.382704
2468	324.377693
2469	324.369971
2470	324.359568
2471	324.346539
2472	324.330968
2473	324.312961
2474	324.292649
2475	324.270181
2476	324.245723
2477	324.219449
2478	324.191537
2479	324.162162
2480	324.131491
2481	324.099681
2482	324.066873
2483	324.033191
2484	323.998744
2485	323.963625
2486	323.927911
2487	323.891671
2488	323.854966
2489	323.817874
2490	323.780511
2491	323.743107
2492	323.706159
2493	323.670771
2494	323.639416
2495	323.617613
2496	323.470022
2497	323.490946
2498	323.521037
2499	323.555008
2500	323.590494
2501	323.626447
2502	323.662402
2503	323.698151
2504	323.733597
2505	323.768686
2506	323.803378
2507	323.837632
2508	323.871404
2509	323.904640
2510	323.937277
2511	323.969243
2512	324.000457
2513	324.030828
2514	324.060257
2515	324.088640
2516	324.115867
2517	324.141826
2518	324.166404
2519	324.189486
2520	324.210964
2521	324.230727
2522	324.248671
2523	324.264696
2524	324.278706
2525	324.290608
2526	324.300319
2527	324.307760
2528	324.312862
2529	324.315568
2530	324.315834
2531	324.313630
2532	324.308947
2533	324.301792
2534	324.292194
2535	324.280204
2536	324.265893
2537	324.249354
2538	324.230696
2539	324.210045
2540	324.187538
2541	324.163320
2542	324.137541
2543	324.110349
2544	324.081885
2545	324.052286
2546	324.021675
2547	323.990164
2548	323.957851
2549	323.924824
2550	323.891157
2551	323.856914
2552	323.822159
2553	323.786966
2554	323.751450
2555	323.715833
2556	323.680593
2557	323.646792
2558	323.616804
2559	323.595926
2560	323.451275
2561	323.471404
2562	323.500327
2563	323.532946
2564	323.566982
2565	323.601427
2566	323.635830
2567	323.669993
2568	323.703820
2569	323.737258
2570	323.770268
2571	323.802810
2572	323.834841
2573	323.866311
2574	323.897159
2575	323.927320
2576	323.956718
2577	323.985271
2578	324.012891
2579	324.039483
2580	324.064951
2581	324.089194
2582	324.112112
2583	324.133603
2584	324.153568
2585	324.171911
2586	324.188538
2587	324.203359
2588	324.216289
2589	324.227248
2590	324.236163
2591	324.242968
2592	324.247605
2593	324.250028
2594	324.250202
2595	324.248106
2596	324.243734
2597	324.237097
2598	324.228223
2599	324.217156
2600	324.203961
2601	324.188715
2602	324.171512
2603	324.152460
2604	324.131674
2605	324.109277
2606	324.085395
2607	324.060155
2608	324.033679
2609	324.006085
2610	323.977483
2611	323.947973
2612	323.917645
2613	323.886577
2614	323.854841
2615	323.822499
2616	323.789611
2617	323.756249
2618	323.722524
2619	323.688650
2620	323.655085
2621	323.622847
2622	323.594209
2623	323.574251
2624	323.432457
2625	323.451793
2626	323.479553
2627	323.510830
2628	323.543433
2629	323.576392
2630	323.609274
2631	323.641888
2632	323.674141
2633	323.705983
2634	323.737376
2635	323.768281
2636	323.798657
2637	323.828456
2638	323.857622
2639	323.886094
2640	323.913803
2641	323.940674
2642	323.966627
2643	323.991578
2644	324.015438
2645	324.038118
2646	324.059529
2647	324.079579
2648	324.098179
2649	324.115245
2650	324.130691
2651	324.144437
2652	324.156410
2653	324.166538
2654	324.174757
2655	324.181013
2656	324.185256
2657	324.187447
2658	324.187560
2659	324.185579
2660	324.181502
2661	324.175340
2662	324.167120
2663	324.156882
2664	324.144682
2665	324.130588
2666	324.114681
2667	324.097053
2668	324.077802
2669	324.057034
2670	324.034858
2671	324.011381
2672	323.986712
2673	323.960953
2674	323.934201
2675	323.906547
2676	323.878072
2677	323.848848
2678	323.818942
2679	323.788412
2680	323.757316
2681	323.725723
2682	323.693737
2683	323.661565
2684	323.629644
2685	323.598945
2686	323.571642
2687	323.552595
2688	323.413573
2689	323.432118
2690	323.458721
2691	323.488666
2692	323.519853
2693	323.551347
2694	323.582736
2695	323.613835
2696	323.644558
2697	323.674855
2698	323.704689
2699	323.734025
2700	323.762822
2701	323.791035
2702	323.818614
2703	323.845499
2704	323.871629
2705	323.896934
2706	323.921342
2707	323.944776
2708	323.967158
2709	323.988405
2710	324.008438
2711	324.027175
2712	324.044536
2713	324.060445
2714	324.074825
2715	324.087607
2716	324.098723
2717	324.108112
2718	324.115719
2719	324.121494
2720	324.125398
2721	324.127398
2722	324.127472
2723	324.125609
2724	324.121809
2725	324.116085
2726	324.108460
2727	324.098971
2728	324.087668
2729	324.074610
2730	324.059868
2731	324.043520
2732	324.025653
2733	324.006358
2734	323.985728
2735	323.963859
2736	323.940845
2737	323.916776
2738	323.891740
2739	323.865816
2740	323.839081
2741	323.811599
2742	323.783433
2743	323.754636
2744	323.725264
2745	323.695381
2746	323.665087
2747	323.634578
2748	323.604269
2749	323.575088
2750	323.549106
2751	323.530963
2752	323.394627
2753	323.412383
2754	323.437833
2755	323.466458
2756	323.496242
2757	323.526292
2758	323.556215
2759	323.585834
2760	323.615066
2761	323.643864
2762	323.672193
2763	323.700020
2764	323.727307
2765	323.754011
2766	323.780085
2767	323.805474
2768	323.830120
2769	323.853960
2770	323.876929
2771	323.898955
2772	323.919968
2773	323.939894
2774	323.958660
2775	323.976194
2776	323.992423
2777	324.007277
2778	324.020690
2779	324.032599
2780	324.042944
2781	324.051671
2782	324.058732
2783	324.064084
2784	324.067693
2785	324.069532
2786	324.069583
2787	324.067839
2788	324.064300
2789	324.058979
2790	324.051899
2791	324.043093
2792	324.032604
2793	324.020485
2794	324.006798
2795	323.991613
2796	323.975004
2797	323.957051
2798	323.937836
2799	323.917443
2800	323.895955
2801	323.873454
2802	323.850016
2803	323.825716
2804	323.800620
2805	323.774790
2806	323.748282
2807	323.721148
2808	323.693437
2809	323.665211
2810	323.636565
2811	323.607683
2812	323.578959
2813	323.551273
2814	323.526599
2815	323.509352
2816	323.375617
2817	323.392586
2818	323.416889
2819	323.444202
2820	323.472598
2821	323.501224
2822	323.529705
2823	323.557874
2824	323.585652
2825	323.612995
2826	323.639870
2827	323.666245
2828	323.692083
2829	323.717346
2830	323.741989
2831	323.765960
2832	323.789208
2833	323.811672
2834	323.833293
2835	323.854006
2836	323.873747
2837	323.892448
2838	323.910044
2839	323.926468
2840	323.941656
2841	323.955545
2842	323.968075
2843	323.979189
2844	323.988835
2845	323.996964
2846	324.003535
2847	324.008510
2848	324.011861
2849	324.013563
2850	324.013603
2851	324.011976
2852	324.008682
2853	324.003735
2854	323.997156
2855	323.988974
2856	323.979230
2857	323.967969
2858	323.955246
2859	323.941123
2860	323.925666
2861	323.908945
2862	323.891034
2863	323.872005
2864	323.851934
2865	323.830894
2866	323.808954
2867	323.786182
2868	323.762637
2869	323.738379
2870	323.713457
2871	323.687919
2872	323.661814
2873	323.635196
2874	323.608156
2875	323.580867
2876	323.553701
2877	323.527493
2878	323.504113
2879	323.487757
2880	323.356538
2881	323.372721
2882	323.395882
2883	323.421891
2884	323.448912
2885	323.476133
2886	323.503197
2887	323.529946
2888	323.556305
2889	323.582233
2890	323.607699
2891	323.632672
2892	323.657119
2893	323.681003
2894	323.704282
2895	323.726908
2896	323.748831
2897	323.769998
2898	323.790352
2899	323.809836
2900	323.828388
2901	323.845949
2902	323.862458
2903	323.877855
2904	323.892082
2905	323.905082
2906	323.916800
2907	323.927187
2908	323.936195
2909	323.943782
2910	323.949910
2911	323.954547
2912	323.957667
2913	323.959252
2914	323.959290
2915	323.957775
2916	323.954713
2917	323.950113
2918	323.943997
2919	323.936391
2920	323.927330
2921	323.916857
2922	323.905021
2923	323.891876
2924	323.877480
2925	323.861898
2926	323.845193
2927	323.827433
2928	323.808684
2929	323.789013
2930	323.768482
2931	323.747153
2932	323.725082
2933	323.702322
2934	323.678920
2935	323.654920
2936	323.630367
2937	323.605313
2938	323.579841
2939	323.554114
2940	323.528482
2941	323.503732
2942	323.481635
2943	323.466164
2944	323.337380
2945	323.352778
2946	323.374800
2947	323.399515
2948	323.425174
2949	323.451007
2950	323.476676
2951	323.502032
2952	323.527005
2953	323.551556
2954	323.575655
2955	323.599275
2956	323.622384
2957	323.644945
2958	323.666920
2959	323.688265
2960	323.708932
2961	323.728872
2962	323.748033
2963	323.766360
2964	323.783798
2965	323.800293
2966	323.815789
2967	323.830231
2968	323.843566
2969	323.855743
2970	323.866713
2971	323.876431
2972	323.884853
2973	323.891944
2974	323.897669
2975	323.902000
2976	323.904914
2977	323.906397
2978	323.906438
2979	323.905033
2980	323.902187
2981	323.897912
2982	323.892225
2983	323.885151
2984	323.876722
2985	323.866978
2986	323.855960
2987	323.843719
2988	323.830308
2989	323.815782
2990	323.800201
2991	323.783625
2992	323.766115
2993	323.747731
2994	323.728530
2995	323.708569
2996	323.687901
2997	323.666573
2998	323.644631
2999	323.622115
3000	323.599067
3001	323.575534
3002	323.551595
3003	323.527401
3004	323.503280
3005	323.479973
3006	323.459148
3007	323.444556
3008	323.318129
3009	323.332742
3010	323.353630
3011	323.377057
3012	323.401366
3013	323.425828
3014	323.450123
3015	323.474112
3016	323.497730
3017	323.520940
3018	323.543714
3019	323.566025
3020	323.587843
3021	323.609135
3022	323.629862
3023	323.649984
3024	323.669457
3025	323.688233
3026	323.706265
3027	323.723502
3028	323.739893
3029	323.755388
3030	323.769936
3031	323.783486
3032	323.795991
3033	323.807403
3034	323.817679
3035	323.826778
3036	323.834661
3037	323.841296
3038	323.846651
3039	323.850703
3040	323.853433
3041	323.854825
3042	323.854873
3043	323.853574
3044	323.850932
3045	323.846959
3046	323.841671
3047	323.835091
3048	323.827249
3049	323.818180
3050	323.807923
3051	323.796522
3052	323.784026
3053	323.770486
3054	323.755956
3055	323.740490
3056	323.724144
3057	323.706974
3058	323.689033
3059	323.670373
3060	323.651042
3061	323.631087
3062	323.610549
3063	323.589466
3064	323.567877
3065	323.545828
3066	323.523388
3067	323.500700
3068	323.478069
3069	323.456190
3070	323.436628
3071	323.422911
3072	323.298767
3073	323.312595
3074	323.332351
3075	323.354497
3076	323.377467
3077	323.400573
3078	323.423515
3079	323.446163
3080	323.468455
3081	323.490358
3082	323.511844
3083	323.532889
3084	323.553462
3085	323.573533
3086	323.593064
3087	323.612019
3088	323.630353
3089	323.648023
3090	323.664985
3091	323.681191
3092	323.696595
3093	323.711149
3094	323.724806
3095	323.737522
3096	323.749250
3097	323.759950
3098	323.769581
3099	323.778105
3100	323.785488
3101	323.791701
3102	323.796716
3103	323.800514
3104	323.803074
3105	323.804385
3106	323.804443
3107	323.803244
3108	323.800795
3109	323.797104
3110	323.792189
3111	323.786070
3112	323.778774
3113	323.770333
3114	323.760784
3115	323.750167
3116	323.738526
3117	323.725909
3118	323.712364
3119	323.697943
3120	323.682695
3121	323.666672
3122	323.649926
3123	323.632503
3124	323.614452
3125	323.595813
3126	323.576628
3127	323.556931
3128	323.536759
3129	323.516155
3130	323.495184
3131	323.473976
3132	323.452816
3133	323.432351
3134	323.414044
3135	323.401201
3136	323.279270
3137	323.292314
3138	323.310939
3139	323.331810
3140	323.353452
3141	323.375217
3142	323.396827
3143	323.418158
3144	323.439154
3145	323.459783
3146	323.480018
3147	323.499836
3148	323.519208
3149	323.538103
3150	323.556487
3151	323.574323
3152	323.591571
3153	323.608189
3154	323.624135
3155	323.639365
3156	323.653835
3157	323.667502
3158	323.680322
3159	323.692253
3160	323.703254
3161	323.713287
3162	323.722314
3163	323.730303
3164	323.737221
3165	323.743043
3166	323.747743
3167	323.751304
3168	323.753709
3169	323.754949
3170	323.755018
3171	323.753916
3172	323.751647
3173	323.748221
3174	323.743653
3175	323.737964
3176	323.731178
3177	323.723324
3178	323.714437
3179	323.704553
3180	323.693714
3181	323.681962
3182	323.669343
3183	323.655904
3184	323.641694
3185	323.626760
3186	323.611149
3187	323.594907
3188	323.578079
3189	323.560705
3190	323.542822
3191	323.524466
3192	323.505672
3193	323.486477
3194	323.466945
3195	323.447193
3196	323.427487
3197	323.408423
3198	323.391365
3199	323.379392
3200	323.259610
3201	323.271868
3202	323.289363
3203	323.308964
3204	323.329287
3205	323.349727
3206	323.370024
3207	323.390063
3208	323.409791
3209	323.429177
3210	323.448198
3211	323.466827
3212	323.485039
3213	323.502803
3214	323.520086
3215	323.536851
3216	323.553061
3217	323.568676
3218	323.583656
3219	323.597959
3220	323.611546
3221	323.624374
3222	323.636404
3223	323.647596
3224	323.657913
3225	323.667320
3226	323.675782
3227	323.683270
3228	323.689754
3229	323.695211
3230	323.699619
3231	323.702960
3232	323.705223
3233	323.706397
3234	323.706478
3235	323.705466
3236	323.703367
3237	323.700189
3238	323.695948
3239	323.690661
3240	323.684351
3241	323.677047
3242	323.668780
3243	323.659583
3244	323.649495
3245	323.638557
3246	323.626811
3247	323.614301
3248	323.601071
3249	323.587169
3250	323.572638
3251	323.557523
3252	323.541865
3253	323.525705
3254	323.509079
3255	323.492021
3256	323.474564
3257	323.456745
3258	323.438622
3259	323.420304
3260	323.402033
3261	323.384361
3262	323.368547
3263	323.357443
3264	323.239753
3265	323.251221
3266	323.267588
3267	323.285924
3268	323.304937
3269	323.324067
3270	323.343070
3271	323.361841
3272	323.380330
3273	323.398506
3274	323.416347
3275	323.433826
3276	323.450918
3277	323.467593
3278	323.483817
3279	323.499556
3280	323.514774
3281	323.529432
3282	323.543492
3283	323.556916
3284	323.569664
3285	323.581698
3286	323.592981
3287	323.603476
3288	323.613149
3289	323.621967
3290	323.629898
3291	323.636916
3292	323.642994
3293	323.648109
3294	323.652244
3295	323.655381
3296	323.657511
3297	323.658624
3298	323.658717
3299	323.657792
3300	323.655852
3301	323.652907
3302	323.648970
3303	323.644060
3304	323.638197
3305	323.631408
3306	323.623722
3307	323.615171
3308	323.605790
3309	323.595617
3310	323.584694
3311	323.573060
3312	323.560760
3313	323.547837
3314	323.534333
3315	323.520293
3316	323.505755
3317	323.490761
3318	323.475345
3319	323.459542
3320	323.443384
3321	323.426907
3322	323.410165
3323	323.393258
3324	323.376406
3325	323.360116
3326	323.345541
3327	323.335307
3328	323.219656
3329	323.230333
3330	323.245570
3331	323.262645
3332	323.280360
3333	323.298194
3334	323.315925
3335	323.333453
3336	323.350731
3337	323.367730
3338	323.384425
3339	323.400792
3340	323.416804
3341	323.432430
3342	323.447638
3343	323.462395
3344	323.476663
3345	323.490408
3346	323.503592
3347	323.516179
3348	323.528131
3349	323.539412
3350	323.549988
3351	323.559824
3352	323.568888
3353	323.577151
3354	323.584583
3355	323.591158
3356	323.596853
3357	323.601649
3358	323.605527
3359	323.608474
3360	323.610479
3361	323.611535
3362	323.611641
3363	323.610796
3364	323.609005
3365	323.606279
3366	323.602628
3367	323.598071
3368	323.592627
3369	323.586321
3370	323.579180
3371	323.571235
3372	323.562519
3373	323.553068
3374	323.542921
3375	323.532116
3376	323.520696
3377	323.508701
3378	323.496175
3379	323.483159
3380	323.469693
3381	323.455816
3382	323.441565
3383	323.426974
3384	323.412076
3385	323.396907
3386	323.381516
3387	323.365996
3388	323.350548
3389	323.335630
3390	323.322292
3391	323.312928
3392	323.199272
3393	323.209154
3394	323.223261
3395	323.239079
3396	323.255505
3397	323.272061
3398	323.288541
3399	323.304852
3400	323.320950
3401	323.336805
3402	323.352391
3403	323.367684
3404	323.382654
3405	323.397272
3406	323.411505
3407	323.425320
3408	323.438682
3409	323.451555
3410	323.463904
3411	323.475693
3412	323.486889
3413	323.497456
3414	323.507361
3415	323.516573
3416	323.525063
3417	323.532800
3418	323.539760
3419	323.545919
3420	323.551254
3421	323.555748
3422	323.559385
3423	323.562152
3424	323.564040
3425	323.565044
3426	323.565160
3427	323.564391
3428	323.562740
3429	323.560218
3430	323.556836
3431	323.552609
3432	323.547559
3433	323.541706
3434	323.535078
3435	323.527702
3436	323.519612
3437	323.510841
3438	323.501426
3439	323.491404
3440	323.480816
3441	323.469702
3442	323.458104
3443	323.446063
3444	323.433619
3445	323.420813
3446	323.407680
3447	323.394258
3448	323.380579
3449	323.366681
3450	323.352611
3451	323.338454
3452	323.324392
3453	323.310836
3454	323.298733
3455	323.290243
3456	323.178544
3457	323.187627
3458	323.200602
3459	323.215168
3460	323.230318
3461	323.245615
3462	323.260868
3463	323.275992
3464	323.290941
3465	323.305687
3466	323.320202
3467	323.334458
3468	323.348427
3469	323.362077
3470	323.375375
3471	323.388289
3472	323.400784
3473	323.412825
3474	323.424378
3475	323.435409
3476	323.445885
3477	323.455773
3478	323.465043
3479	323.473664
3480	323.481608
3481	323.488849
3482	323.495363
3483	323.501127
3484	323.506123
3485	323.510332
3486	323.513742
3487	323.516339
3488	323.518117
3489	323.519070
3490	323.519196
3491	323.518497
3492	323.516977
3493	323.514646
3494	323.511515
3495	323.507599
3496	323.502917
3497	323.497490
3498	323.491343
3499	323.484503
3500	323.477002
3501	323.468871
3502	323.460145
3503	323.450862
3504	323.441061
3505	323.430780
3506	323.420062
3507	323.408947
3508	323.397477
3509	323.385692
3510	323.373631
3511	323.361332
3512	323.348830
3513	323.336163
3514	323.323379
3515	323.310559
3516	323.297864
3517	323.285661
3518	323.274791
3519	323.267178
3520	323.157409
3521	323.165686
3522	323.177529
3523	323.190851
3524	323.204740
3525	323.218799
3526	323.232853
3527	323.246821
3528	323.260658
3529	323.274332
3530	323.287814
3531	323.301074
3532	323.314081
3533	323.326804
3534	323.339208
3535	323.351261
3536	323.362928
3537	323.374175
3538	323.384970
3539	323.395279
3540	323.405071
3541	323.414314
3542	323.422980
3543	323.431040
3544	323.438468
3545	323.445239
3546	323.451330
3547	323.456722
3548	323.461396
3549	323.465336
3550	323.468530
3551	323.470967
3552	323.472639
3553	323.473544
3554	323.473678
3555	323.473044
3556	323.471647
3557	323.469495
3558	323.466599
3559	323.462974
3560	323.458637
3561	323.453609
3562	323.447914
3563	323.441577
3564	323.434628
3565	323.427099
3566	323.419023
3567	323.410436
3568	323.401377
3569	323.391883
3570	323.381997
3571	323.371760
3572	323.361213
3573	323.350399
3574	323.339359
3575	323.328134
3576	323.316761
3577	323.305283
3578	323.293749
3579	323.282233
3580	323.270883
3581	323.260020
3582	323.250380
3583	323.243648
3584	323.135794
3585	323.143263
3586	323.153975
3587	323.166063
3588	323.178710
3589	323.191557
3590	323.204446
3591	323.217295
3592	323.230059
3593	323.242703
3594	323.255193
3595	323.267499
3596	323.279586
3597	323.291422
3598	323.302973
3599	323.314204
3600	323.325082
3601	323.335574
3602	323.345647
3603	323.355269
3604	323.364410
3605	323.373041
3606	323.381134
3607	323.388661
3608	323.395599
3609	323.401924
3610	323.407615
3611	323.412653
3612	323.417022
3613	323.420708
3614	323.423697
3615	323.425981
3616	323.427554
3617	323.428411
3618	323.428552
3619	323.427978
3620	323.426694
3621	323.424709
3622	323.422033
3623	323.418680
3624	323.414666
3625	323.410013
3626	323.404741
3627	323.398876
3628	323.392447
3629	323.385482
3630	323.378016
3631	323.370084
3632	323.361722
3633	323.352969
3634	323.343866
3635	323.334456
3636	323.324782
3637	323.314886
3638	323.304814
3639	323.294609
3640	323.284315
3641	323.273977
3642	323.263646
3643	323.253397
3644	323.243363
3645	323.233824
3646	323.225410
3647	323.219561
3648	323.113632
3649	323.120287
3650	323.129873
3651	323.140744
3652	323.152176
3653	323.163848
3654	323.175610
3655	323.187384
3656	323.199121
3657	323.210779
3658	323.222324
3659	323.233719
3660	323.244931
3661	323.255923
3662	323.266661
3663	323.277111
3664	323.287238
3665	323.297012
3666	323.306398
3667	323.315368
3668	323.323892
3669	323.331941
3670	323.339489
3671	323.346511
3672	323.352984
3673	323.358886
3674	323.364198
3675	323.368901
3676	323.372981
3677	323.376425
3678	323.379220
3679	323.381359
3680	323.382836
3681	323.383647
3682	323.383792
3683	323.383273
3684	323.382095
3685	323.380265
3686	323.377794
3687	323.374695
3688	323.370984
3689	323.366680
3690	323.361804
3691	323.356381
3692	323.350437
3693	323.344002
3694	323.337108
3695	323.329788
3696	323.322079
3697	323.314020
3698	323.305653
3699	323.297018
3700	323.288162
3701	323.279129
3702	323.269967
3703	323.260725
3704	323.251449
3705	323.242193
3706	323.233012
3707	323.223983
3708	323.215228
3709	323.206988
3710	323.199789
3711	323.194827
3712	323.090874
3713	323.096715
3714	323.105187
3715	323.114866
3716	323.125121
3717	323.135664
3718	323.146351
3719	323.157102
3720	323.167863
3721	323.178588
3722	323.189237
3723	323.199771
3724	323.210153
3725	323.220346
3726	323.230314
3727	323.240024
3728	323.249441
3729	323.258533
3730	323.267269
3731	323.275621
3732	323.283559
3733	323.291057
3734	323.298090
3735	323.304633
3736	323.310666
3737	323.316168
3738	323.321120
3739	323.325506
3740	323.329312
3741	323.332526
3742	323.335137
3743	323.337138
3744	323.338523
3745	323.339289
3746	323.339437
3747	323.338968
3748	323.337886
3749	323.336200
3750	323.333920
3751	323.331057
3752	323.327628
3753	323.323650
3754	323.319143
3755	323.314132
3756	323.308642
3757	323.302700
3758	323.296338
3759	323.289590
3760	323.282490
3761	323.275078
3762	323.267394
3763	323.259481
3764	323.251386
3765	323.243156
3766	323.234842
3767	323.226495
3768	323.218172
3769	323.209929
3770	323.201832
3771	323.193960
3772	323.186432
3773	323.179453
3774	323.173452
3775	323.169376
3776	323.067540
3777	323.072574
3778	323.079956
3779	323.088487
3780	323.097622
3781	323.107097
3782	323.116774
3783	323.126567
3784	323.136414
3785	323.146266
3786	323.156076
3787	323.165803
3788	323.175407
3789	323.184849
3790	323.194094
3791	323.203107
3792	323.211854
3793	323.220305
3794	323.228429
3795	323.236198
3796	323.243584
3797	323.250562
3798	323.257109
3799	323.263202
3800	323.268819
3801	323.273943
3802	323.278556
3803	323.282643
3804	323.286191
3805	323.289187
3806	323.291624
3807	323.293493
3808	323.294790
3809	323.295513
3810	323.295661
3811	323.295237
3812	323.294244
3813	323.292691
3814	323.290586
3815	323.287942
3816	323.284774
3817	323.281098
3818	323.276934
3819	323.272304
3820	323.267233
3821	323.261749
3822	323.255880
3823	323.249660
3824	323.243123
3825	323.236308
3826	323.229255
3827	323.222007
3828	323.214612
3829	323.207119
3830	323.199581
3831	323.192057
3832	323.184606
3833	323.177295
3834	323.170198
3835	323.163403
3836	323.157027
3837	323.151251
3838	323.146413
3839	323.143213
3840	323.043836
3841	323.048080
3842	323.054422
3843	323.061877
3844	323.069973
3845	323.078467
3846	323.087219
3847	323.096134
3848	323.105146
3849	323.114196
3850	323.123235
3851	323.132218
3852	323.141102
3853	323.149850
3854	323.158425
3855	323.166791
3856	323.174917
3857	323.182771
3858	323.190325
3859	323.197551
3860	323.204424
3861	323.210918
3862	323.217012
3863	323.222683
3864	323.227914
3865	323.232686
3866	323.236982
3867	323.240790
3868	323.244096
3869	323.246889
3870	323.249162
3871	323.250908
3872	323.252122
3873	323.252802
3874	323.252949
3875	323.252564
3876	323.251651
3877	323.250218
3878	323.248274
3879	323.245830
3880	323.242901
3881	323.239501
3882	323.235650
3883	323.231370
3884	323.226683
3885	323.221616
3886	323.216198
3887	323.210460
3888	323.204436
3889	323.198163
3890	323.191682
3891	323.185036
3892	323.178272
3893	323.171442
3894	323.164602
3895	323.157813
3896	323.151141
3897	323.144661
3898	323.138459
3899	323.132632
3900	323.127303
3901	323.122640
3902	323.118900
3903	323.116550
3904	323.020406
3905	323.023908
3906	323.029302
3907	323.035797
3908	323.042979
3909	323.050614
3910	323.058555
3911	323.066701
3912	323.074975
3913	323.083316
3914	323.091670
3915	323.099989
3916	323.108231
3917	323.116356
3918	323.124327
3919	323.132111
3920	323.139676
3921	323.146992
3922	323.154030
3923	323.160765
3924	323.167172
3925	323.173228
3926	323.178911
3927	323.184201
3928	323.189081
3929	323.193533
3930	323.197542
3931	323.201096
3932	323.204182
3933	323.206791
3934	323.208915
3935	323.210547
3936	323.211685
3937	323.212325
3938	323.212469
3939	323.212117
3940	323.211275
3941	323.209948
3942	323.208147
3943	323.205880
3944	323.203163
3945	323.200009
3946	323.196437
3947	323.192467
3948	323.188122
3949	323.183426
3950	323.178407
3951	323.173095
3952	323.167524
3953	323.161729
3954	323.155751
3955	323.149631
3956	323.143419
3957	323.137165
3958	323.130927
3959	323.124769
3960	323.118763
3961	323.112990
3962	323.107546
3963	323.102542
3964	323.098111
3965	323.094417
3966	323.091662
3967	323.090103
3968	322.998936
3969	323.001799
3970	323.006413
3971	323.012137
3972	323.018592
3973	323.025543
3974	323.032835
3975	323.040361
3976	323.048037
3977	323.055798
3978	323.063589
3979	323.071360
3980	323.079069
3981	323.086676
3982	323.094144
3983	323.101442
3984	323.108537
3985	323.115401
3986	323.122006
3987	323.128329
3988	323.134344
3989	323.140031
3990	323.145368
3991	323.150337
3992	323.154921
3993	323.159103
3994	323.162870
3995	323.166210
3996	323.169110
3997	323.171563
3998	323.173560
3999	323.175097
4000	323.176168
4001	323.176774
4002	323.176913
4003	323.176588
4004	323.175803
4005	323.174564
4006	323.172880
4007	323.170760
4008	323.168218
4009	323.165267
4010	323.161926
4011	323.158213
4012	323.154149
4013	323.149759
4014	323.145069
4015	323.140108
4016	323.134908
4017	323.129504
4018	323.123935
4019	323.118244
4020	323.112476
4021	323.106683
4022	323.100925
4023	323.095265
4024	323.089780
4025	323.084555
4026	323.079694
4027	323.075318
4028	323.071573
4029	323.068629
4030	323.066661
4031	323.065770
4032	322.983484
4033	322.985928
4034	322.990058
4035	322.995313
4036	323.001324
4037	323.007853
4038	323.014741
4039	323.021874
4040	323.029170
4041	323.036558
4042	323.043984
4043	323.051399
4044	323.058759
4045	323.066025
4046	323.073163
4047	323.080139
4048	323.086923
4049	323.093488
4050	323.099807
4051	323.105855
4052	323.111611
4053	323.117052
4054	323.122159
4055	323.126915
4056	323.131301
4057	323.135304
4058	323.138910
4059	323.142107
4060	323.144883
4061	323.147232
4062	323.149144
4063	323.150616
4064	323.151644
4065	323.152225
4066	323.152361
4067	323.152053
4068	323.151304
4069	323.150122
4070	323.148515
4071	323.146491
4072	323.144063
4073	323.141246
4074	323.138055
4075	323.134509
4076	323.130629
4077	323.126439
4078	323.121963
4079	323.117230
4080	323.112271
4081	323.107120
4082	323.101815
4083	323.096397
4084	323.090912
4085	323.085412
4086	323.079954
4087	323.074603
4088	323.069437
4089	323.064542
4090	323.060026
4091	323.056016
4092	323.052666
4093	323.050154
4094	323.048650
4095	323.048183
