     9
  0.1356948E+00        -1 -0.1184155E+01  0.6457062E-01  0.1558768E+00         2 -0.3686215E-02  0.6293433E+00 -0.6286571E+00         8  0.1015885E+01 -0.9451535E+00 -0.1337251E+00        30  0.1719562E+00  0.2512396E+00  0.6065054E+00
  0.1356337E+00        -1 -0.1184156E+01  0.1558772E+00  0.6457062E-01         1  0.3686215E-02 -0.6293433E+00  0.6286571E+00        11  0.1010673E+01 -0.1330406E+00 -0.9444672E+00        44  0.1697973E+00  0.6065067E+00  0.2512396E+00
  0.1981698E+00        -1 -0.1184155E+01 -0.6457062E-01 -0.1558768E+00         4  0.5224350E-02 -0.9185200E+00  0.9194926E+00        12  0.9366269E+00  0.1350484E+01  0.1232914E+00        20  0.2423034E+00 -0.3673935E+00 -0.8869071E+00
  0.1982573E+00        -1 -0.1184158E+01 -0.1558775E+00 -0.6457062E-01         3 -0.5224350E-02  0.9185200E+00 -0.9194926E+00         5  0.9440183E+00  0.1242685E+00  0.1351457E+01        15  0.2453644E+00 -0.8869110E+00 -0.3673935E+00
  0.3399577E+00         4 -0.9440183E+00 -0.1242685E+00 -0.1351457E+01         6 -0.6109464E+00 -0.8041934E-01  0.1921528E+01         9  0.9293565E+00  0.1698531E+01 -0.2333893E+00        17  0.6256081E+00 -0.1493843E+01 -0.3366821E+00
  0.2879666E+00        -1 -0.1184155E+01 -0.1558768E+00  0.6457062E-01         5  0.6109464E+00  0.8041934E-01 -0.1921528E+01         7  0.3051534E+00  0.1375313E+01  0.1318504E+01        19  0.2680548E+00 -0.1299855E+01  0.5384536E+00
  0.2930424E+00        -1 -0.1184158E+01 -0.6457062E-01  0.1558775E+00         6 -0.3051534E+00 -0.1375313E+01 -0.1318504E+01         8  0.1042509E+01  0.1978337E+01 -0.1372344E+00        21  0.4468025E+00 -0.5384536E+00  0.1299861E+01
  0.3857384E+00         1 -0.1015885E+01  0.9451535E+00  0.1337251E+00         7 -0.1042509E+01 -0.1978337E+01  0.1372344E+00        14  0.9997651E+00  0.8491236E+00 -0.1920061E+01        35  0.1058629E+01  0.1840597E+00  0.1649101E+01
  0.3669968E+00         5 -0.9293565E+00 -0.1698531E+01  0.2333893E+00        12 -0.3440731E+00  0.1099559E+01 -0.1628467E+01        14 -0.1312153E+00  0.8787710E+00  0.1941682E+01       108  0.1404645E+01 -0.2797992E+00 -0.5466042E+00
