200
0 4
4 0
4 4
8 3
11 4
15 3
18 3
21 4
25 0
25 4
29 0
29 5
34 1
35 4
39 4
43 0
43 0
43 5
48 0
48 1
49 5
54 2
56 5
61 4
65 3
68 5
73 2
75 0
75 5
80 1
81 0
81 3
84 5
89 5
94 3
97 4
101 0
101 1
102 2
104 0
104 3
107 1
108 4
112 1
113 4
117 5
122 3
125 2
127 5
132 0
132 5
137 3
140 2
142 1
143 2
145 5
150 1
151 2
153 4
157 5
162 4
166 3
169 0
169 0
169 3
172 0
172 1
173 3
176 1
177 5
182 3
185 4
189 5
194 5
199 4
203 0
203 5
208 2
210 4
214 4
218 4
222 5
227 5
232 4
236 5
241 1
242 2
244 2
246 0
246 2
248 2
250 3
253 4
257 1
258 3
261 4
265 0
265 3
268 1
269 1
270 0
270 3
273 4
277 3
280 2
282 2
284 3
287 3
290 4
294 0
294 2
296 0
296 0
296 2
298 2
300 5
305 4
309 1
310 3
313 0
313 3
316 0
316 4
320 1
321 5
326 0
326 4
330 4
334 0
334 3
337 5
342 0
342 1
343 1
344 0
344 1
345 0
345 4
349 0
349 1
350 3
353 2
355 0
355 2
357 0
357 5
362 1
363 3
366 4
370 3
373 0
373 1
374 3
377 2
379 4
383 3
386 1
387 3
390 4
394 4
398 3
401 0
401 4
405 4
409 1
410 2
412 3
415 2
417 3
420 5
425 4
429 4
433 4
437 5
442 0
442 0
442 0
442 4
446 3
449 4
453 5
458 1
459 5
464 1
465 0
465 3
468 0
468 5
473 2
475 4
479 3
482 0
482 0
482 1
483 4
487 3
490 5
495 1
496 1
497 0
0
497
61 9
58 4
158 1
183 3
33 4
130 4
121 10
37 3
184 9
45 6
43 1
80 10
116 3
182 4
162 8
39 9
105 7
170 8
106 9
101 1
48 10
166 3
14 5
39 6
187 1
107 3
7 4
65 4
181 3
36 7
132 10
25 10
194 5
66 1
163 1
188 3
7 7
12 4
45 7
149 3
165 8
25 8
152 7
9 2
175 1
65 7
64 8
186 4
15 10
94 2
7 4
3 5
27 5
130 2
77 7
118 6
48 5
181 8
175 8
12 5
104 10
33 3
117 9
90 3
74 9
137 7
83 1
175 2
92 5
2 5
114 4
25 2
156 3
7 2
20 7
127 2
144 5
54 6
161 4
21 7
66 5
101 7
10 3
58 9
14 7
17 9
147 9
1 6
171 1
24 2
31 6
136 10
1 2
74 9
26 5
129 2
17 1
162 2
4 6
180 5
45 8
122 4
152 3
14 2
75 4
5 4
178 9
170 10
180 9
142 8
39 8
160 1
26 1
177 3
146 2
61 4
22 10
98 1
18 7
155 6
162 4
21 2
158 8
59 10
53 5
22 1
29 10
182 5
71 10
184 9
47 9
162 3
13 1
1 10
0 8
20 5
51 5
137 8
2 3
162 1
123 5
142 8
174 7
123 2
54 6
113 8
69 8
106 9
151 2
72 10
139 6
8 4
174 4
90 9
49 1
193 1
28 4
176 6
146 2
158 7
181 2
12 8
188 5
176 8
180 1
130 6
81 8
12 6
131 8
117 5
45 1
33 4
170 5
119 2
185 8
81 4
138 9
37 7
110 2
91 1
125 4
139 8
44 3
68 10
57 1
188 10
92 1
82 6
193 3
115 9
79 3
59 6
166 10
146 3
148 5
158 5
148 1
159 9
17 9
153 3
117 8
3 8
102 5
3 1
101 9
147 10
121 8
17 10
172 8
148 3
109 3
190 1
123 10
60 2
34 8
121 7
2 9
91 7
13 1
92 9
161 2
17 2
94 6
44 7
194 10
140 2
103 5
189 6
28 6
122 5
150 3
13 3
37 6
71 5
103 3
62 3
76 8
61 4
79 8
144 2
117 4
19 3
35 1
153 4
96 10
77 6
25 8
38 10
95 10
186 8
98 9
99 8
148 6
22 9
195 6
43 7
156 4
159 5
164 4
32 9
148 2
6 2
128 4
14 3
190 4
0 4
125 1
62 7
105 10
188 4
18 7
164 4
116 10
85 7
175 5
157 6
4 5
61 3
114 8
20 6
166 9
197 6
130 5
134 1
136 3
96 5
183 8
172 9
141 6
66 7
143 2
189 9
118 8
78 5
46 7
109 9
180 5
134 1
58 9
75 4
51 7
134 6
18 10
73 9
61 3
180 1
123 6
36 3
25 2
31 8
1 8
112 8
183 8
176 10
10 5
68 4
147 6
199 9
91 9
111 1
143 3
42 5
123 3
74 1
157 4
25 8
46 2
143 1
38 8
134 4
69 8
95 8
149 6
147 3
188 6
58 9
138 5
103 5
96 2
106 3
37 10
105 1
61 3
2 4
25 10
151 10
55 8
13 4
184 9
19 10
155 6
183 9
142 2
39 8
19 6
14 8
189 2
112 9
93 2
61 2
147 10
143 6
198 10
30 4
30 8
148 8
158 8
147 6
189 2
41 2
113 4
32 3
63 7
130 4
6 4
166 6
192 8
14 6
168 7
27 4
34 10
6 5
156 9
91 1
0 6
101 6
119 3
31 3
90 2
35 9
21 6
100 8
99 7
102 8
60 1
151 5
169 10
77 3
95 9
67 7
179 7
44 3
60 10
167 4
107 2
31 7
18 3
24 5
190 2
64 2
122 9
157 2
149 9
22 2
82 4
11 8
185 8
129 6
173 2
139 8
149 3
76 4
194 10
111 3
36 6
69 7
79 2
67 1
101 2
11 6
118 5
146 7
81 6
193 6
103 4
113 1
129 6
150 2
99 6
55 10
148 6
91 3
73 2
4 3
36 7
99 4
135 6
167 5
169 7
143 1
110 9
32 1
4 1
80 8
129 7
150 7
166 6
1 4
125 10
43 10
169 6
108 8
125 9
117 8
75 4
137 8
69 10
46 9
140 2
145 5
87 9
55 1
186 9
196 4
190 7
133 10
9 10
60 1
71 9
21 2
39 10
177 9
44 7
69 5
23 3
163 9
127 6
84 7
5 7
65 10
116 8
54 1
65 2
140 5
92 7
149 1
153 8
